1, 2, 3, 98
4, 107
11, 14, 16, 101, 17, 21, 23, 104, 106
9
20
9
4, 107
12
25, 26, 27, 35, 51, 102, 68, 77, 82
86, 96, 68, 77, 82
86, 106, 99
88
79
69, 71
77, 82
86, 93
88
79
88
78, 85
86, 96, 68, 77, 82
86, 106, 99
88
79
69, 71
77, 82
86, 93
88
79
88
79
70
34, 99
68, 77, 82
86, 106, 99
88
79
70
52, 34, 99
68, 77, 82
86, 106, 99
63, 67, 103, 68, 77, 82
86, 106, 99
88
78, 84
86, 93
88
79
70
66
88
78, 83
86, 106, 99
63, 67, 103, 68, 77, 82
86, 106, 99
88
78, 84
86, 93
88
79
70
66
88
79
70
29
12
25, 26, 27, 33, 45, 48, 103, 68, 77, 82
86, 106, 99
63, 67, 103, 68, 77, 82
86, 93
88
79
70
66
88
79
70
47, 28, 30, 40
29
