1, 2, 3, 98
4, 5, 8, 104, 106
9
6, 8, 104, 106
9
7
110, 13, 15, 100
17, 21, 23, 104, 106
9
19, 22, 24, 104, 106
9
20
4, 5, 8, 104, 106
9
7
12
25, 26, 27, 34, 99
68, 77, 82
86, 93
88
79
70
28, 34, 99
68, 77, 82
86, 93
88
79
70
28, 34, 99
68, 77, 82
86, 93
88
79
70
28, 33, 45, 48, 103, 68, 77, 82
86, 106, 99
88
79
70
46, 48, 103, 68, 77, 82
86, 106, 99
88
79
70
46, 48, 103, 68, 77, 82
86, 106, 99
88
79
70
47, 28, 30, 40
29
12
25, 26, 27, 34, 99
68, 77, 82
86, 93
88
79
70
28, 34, 99
68, 77, 82
86, 93
88
79
70
28, 33, 45, 48, 103, 68, 77, 82
86, 106, 99
88
79
70
46, 48, 103, 68, 77, 82
86, 106, 99
88
79
70
47, 28, 39, 62, 100
63, 67, 103, 68, 77, 82
86, 106, 99
88
79
70
65, 67, 103, 68, 77, 82
86, 106, 99
88
79
70
66
28, 33, 45, 48, 103, 68, 77, 82
86, 106, 99
88
79
70
46, 48, 103, 68, 77, 82
86, 106, 99
88
79
70
47, 29
