1, 2, 3, 98
4, 5, 8, 104, 106
9
7
11, 14, 16, 101, 17, 21, 23, 104, 106
9
20
9
4, 107
12
25, 26, 27, 35, 51, 102, 68, 77, 82
86, 106, 99
88
79
69, 71
77, 82
86, 93
88
79
34, 99
68, 77, 82
86, 93
88
79
70
52, 34, 99
68, 77, 82
86, 106, 99
87, 89
106, 99
63, 67, 103, 68, 77, 82
86, 106, 99
88
78, 84
86, 93
88
79
70
66
88
79
70
29
12
25, 26, 27, 32, 41, 44, 99
43
28, 35, 51, 102, 68, 77, 82
86, 106, 99
88
79
69, 75
77, 82
86, 93
88
79
33, 45, 48, 103, 68, 77, 82
86, 106, 99
63, 67, 103, 68, 77, 82
86, 106, 99
88
79
70
66
88
79
70
47, 52, 33, 45, 48, 103, 68, 77, 81
86, 93
88
79
70
47, 28, 30, 40
29
